1 [1, 1, 0, 1, 1, 1, 0, 0, 0, 1, 0, 1, 0, 1, 1, 1, 0, 0, 0, 1, 0, 0, 1, 1]
 
2 [1, 1, 0, 1, 1, 1, 0, 0, 0, 1, 0, 1, 0, 1, 1, 1, 0, 0, 0, 1, 0, 0, 1, 1]
 
3 [1, 1, 0, 1, 1, 1, 0, 0, 0, 1, 0, 1, 0, 1, 1, 1, 0, 0, 0, 1, 0, 0, 1, 1]
 
4 [1, 1, 0, 1, 1, 1, 0, 0, 0, 1, 0, 1, 0, 1, 1, 1, 0, 0, 0, 1, 0, 0, 1, 1]
 
5 [1, 1, 0, 1, 1, 1, 0, 0, 0, 1, 0, 1, 0, 1, 1, 1, 0, 0, 0, 0, 0, 0, 0, 0]
 
6 [1, 1, 0, 1, 1, 1, 0, 0, 0, 1, 0, 1, 0, 1, 1, 1, 0, 0, 0, 0, 0, 0, 0, 0]
 
7 [1, 1, 0, 1, 1, 1, 0, 0, 0, 1, 0, 1, 0, 1, 1, 1, 0, 0, 0, 0, 0, 0, 0, 0]
 
8 [1, 1, 0, 1, 1, 1, 0, 0, 0, 1, 0, 1, 0, 1, 1, 1, 0, 0, 0, 0, 0, 0, 0, 0]
 
9 [1, 1, 0, 1, 1, 1, 1, 0, 0, 0, 0, 0, 0, 0, 0, 0, 0, 0, 0, 1, 0, 0, 1, 1]
 
10 [1, 1, 0, 0, 0, 0, 0, 0, 0, 1, 0, 1, 1, 1, 1, 1, 0, 0, 0, 1, 1, 0, 0, 0]
 
11 [1, 1, 0, 0, 0, 0, 0, 0, 0, 1, 0, 1, 1, 1, 1, 1, 0, 0, 0, 1, 1, 0, 0, 0]
 
12 [1, 1, 0, 0, 0, 0, 0, 0, 0, 1, 0, 1, 1, 1, 1, 1, 0, 0, 0, 1, 1, 0, 0, 0]
 
13 [1, 1, 0, 0, 0, 0, 0, 0, 0, 1, 0, 1, 1, 1, 1, 1, 0, 0, 0, 1, 1, 0, 0, 1]
 
14 [0, 0, 0, 1, 1, 1, 1, 0, 0, 0, 0, 0, 0, 0, 0, 0, 0, 0, 0, 1, 0, 0, 1, 0]
 
15 [0, 0, 0, 1, 1, 1, 1, 0, 0, 0, 0, 0, 0, 0, 0, 0, 0, 0, 0, 1, 0, 0, 1, 0]
 
16 [0, 0, 0, 1, 1, 1, 1, 0, 0, 0, 0, 0, 0, 0, 0, 0, 0, 0, 0, 1, 0, 0, 1, 0]
 
17 [1, 1, 0, 0, 0, 0, 0, 0, 0, 1, 0, 1, 1, 1, 1, 1, 0, 0, 0, 1, 1, 0, 0, 1]
 
18 [1, 1, 0, 0, 0, 0, 0, 0, 0, 1, 0, 1, 1, 1, 1, 1, 0, 0, 0, 1, 1, 0, 0, 1]
 
19 [0, 1, 0, 0, 0, 0, 0, 0, 0, 1, 0, 0, 0, 0, 1, 1, 0, 0, 0, 0, 1, 0, 0, 0]
 
20 [1, 1, 0, 0, 0, 0, 0, 0, 0, 1, 0, 1, 1, 1, 1, 1, 0, 0, 0, 1, 1, 0, 0, 1]
 
21 [1, 1, 0, 0, 0, 0, 1, 0, 0, 0, 0, 0, 0, 0, 0, 0, 0, 0, 0, 1, 0, 0, 1, 0]
 
22 [1, 1, 0, 0, 0, 0, 1, 0, 0, 0, 0, 0, 0, 0, 0, 0, 0, 0, 0, 1, 0, 0, 1, 0]
 
23 [0, 0, 0, 1, 1, 1, 0, 0, 0, 1, 0, 1, 1, 1, 1, 1, 0, 0, 0, 1, 1, 0, 0, 1]
 
24 [1, 1, 0, 0, 0, 0, 1, 0, 0, 0, 0, 0, 0, 0, 0, 0, 0, 0, 0, 1, 0, 0, 1, 0]
 
25 [1, 1, 0, 0, 0, 0, 1, 0, 0, 0, 0, 0, 0, 0, 0, 0, 0, 0, 0, 1, 0, 0, 1, 0]
 
26 [1, 1, 0, 0, 0, 0, 1, 0, 0, 0, 0, 0, 0, 0, 0, 0, 0, 0, 0, 1, 0, 0, 1, 0]
 
27 [1, 1, 0, 0, 0, 0, 1, 0, 0, 0, 0, 0, 0, 0, 0, 0, 0, 0, 0, 1, 0, 0, 0, 1]
 
28 [1, 1, 0, 0, 0, 0, 1, 0, 0, 0, 0, 0, 0, 0, 0, 0, 0, 0, 0, 1, 0, 0, 0, 1]
 
29 [1, 1, 0, 0, 0, 0, 1, 0, 0, 0, 0, 0, 0, 0, 0, 0, 0, 0, 0, 1, 0, 0, 0, 1]
 
30 [1, 1, 0, 0, 0, 0, 1, 0, 0, 0, 0, 0, 0, 0, 1, 1, 0, 0, 0, 1, 1, 0, 1, 0]
 
31 [1, 1, 0, 0, 0, 0, 1, 0, 0, 0, 0, 0, 0, 0, 1, 1, 0, 0, 0, 1, 1, 0, 1, 0]
 
32 [1, 1, 0, 0, 0, 0, 1, 0, 0, 0, 0, 0, 0, 0, 1, 1, 0, 0, 0, 1, 1, 0, 1, 0]
 
33 [0, 0, 0, 1, 1, 1, 0, 0, 0, 1, 0, 1, 1, 1, 0, 0, 0, 0, 0, 1, 0, 0, 0, 1]
 
34 [1, 1, 0, 0, 0, 0, 1, 0, 0, 0, 0, 0, 0, 0, 1, 1, 0, 0, 0, 1, 1, 0, 1, 0]
 
35 [1, 1, 0, 0, 0, 0, 1, 0, 0, 0, 0, 0, 0, 0, 0, 0, 0, 0, 0, 1, 0, 0, 0, 1]
 
36 [1, 1, 0, 0, 0, 0, 1, 0, 0, 0, 0, 0, 0, 0, 0, 0, 0, 0, 0, 1, 0, 0, 0, 1]
 
37 [1, 1, 0, 0, 0, 0, 1, 0, 0, 0, 0, 0, 0, 0, 0, 0, 0, 0, 0, 1, 0, 0, 0, 1]
 
38 [1, 1, 0, 0, 0, 0, 1, 0, 0, 0, 0, 1, 1, 1, 1, 1, 0, 0, 0, 1, 1, 0, 1, 0]
 
39 [0, 0, 0, 1, 1, 1, 0, 0, 0, 1, 0, 0, 0, 0, 0, 0, 0, 0, 0, 1, 0, 0, 0, 1]
 
40 [0, 0, 0, 1, 1, 1, 0, 0, 0, 1, 0, 0, 0, 0, 0, 0, 0, 0, 0, 1, 0, 0, 0, 1]
 
41 [0, 0, 0, 1, 1, 1, 0, 0, 0, 1, 0, 0, 0, 0, 0, 0, 0, 0, 0, 1, 0, 0, 0, 1]
 
42 [1, 1, 0, 0, 0, 0, 1, 0, 0, 0, 0, 1, 1, 1, 1, 1, 0, 0, 0, 1, 1, 0, 1, 0]
 
43 [0, 0, 0, 1, 1, 1, 0, 0, 0, 1, 0, 0, 0, 0, 0, 0, 0, 0, 0, 1, 0, 0, 0, 1]
 
44 [0, 0, 0, 1, 1, 1, 0, 0, 0, 1, 0, 0, 0, 0, 0, 0, 0, 0, 0, 1, 1, 0, 1, 0]
 
45 [0, 0, 0, 1, 1, 1, 0, 0, 0, 1, 0, 0, 0, 0, 0, 0, 0, 0, 0, 1, 1, 0, 1, 0]
 
46 [1, 1, 0, 0, 0, 0, 1, 0, 0, 0, 0, 1, 1, 1, 1, 1, 0, 0, 0, 1, 0, 0, 0, 1]
 
47 [1, 1, 0, 1, 1, 1, 0, 0, 0, 1, 0, 0, 0, 0, 0, 0, 0, 0, 0, 1, 1, 0, 1, 0]
 
48 [1, 1, 0, 1, 1, 1, 0, 0, 0, 1, 0, 0, 0, 0, 0, 0, 0, 0, 0, 1, 1, 0, 1, 0]
 
49 [1, 1, 1, 1, 1, 1, 0, 0, 0, 1, 0, 1, 1, 1, 0, 1, 0, 0, 0, 1, 0, 0, 0, 1]
 
1 0
 
2 0
 
3 0
 
4 0
 
5 0
 
6 0
 
7 0
 
8 0
 
9 0
 
10 0
 
11 0
 
12 0
 
13 0
 
14 0
 
15 0
 
16 0
 
17 0
 
18 0
 
19 0
 
20 0
 
21 0
 
22 0
 
23 0
 
24 0
 
25 0
 
26 0
 
27 0
 
28 0
 
29 0
 
30 0
 
31 0
 
32 0
 
33 0
 
34 0
 
35 0
 
36 0
 
37 0
 
38 0
 
39 0
 
40 0
 
41 0
 
42 0
 
43 0
 
44 0
 
45 0
 
46 0
 
47 0
 
48 0
 
49 0
 
1 73
 
2 73
 
3 75
 
4 75
 
5 74
 
6 73
 
7 68
 
8 61
 
9 61
 
10 56
 
11 47
 
12 37
 
13 27
 
14 38
 
15 66
 
16 65
 
17 59
 
18 68
 
19 75
 
20 75
 
21 74
 
22 74
 
23 74
 
24 74
 
25 75
 
26 74
 
27 73
 
28 73
 
29 74
 
30 74
 
31 73
 
32 74
 
33 75
 
34 75
 
35 75
 
36 74
 
37 72
 
38 71
 
39 69
 
40 64
 
41 48
 
42 25
 
43 0
 
44 0
 
45 0
 
46 0
 
47 0
 
48 0
 
49 0
 
1 0
 
2 0
 
3 0
 
4 0
 
5 0
 
6 0
 
7 0
 
8 0
 
9 0
 
10 0
 
11 0
 
12 0
 
13 0
 
14 0
 
15 0
 
16 0
 
17 0
 
18 0
 
19 0
 
20 0
 
21 0
 
22 0
 
23 0
 
24 0
 
25 0
 
26 0
 
27 0
 
28 0
 
29 0
 
30 0
 
31 0
 
32 0
 
33 0
 
34 0
 
35 0
 
36 0
 
37 0
 
38 0
 
39 0
 
40 0
 
41 0
 
42 0
 
43 0
 
44 0
 
45 0
 
46 0
 
47 0
 
48 0
 
49 0
 
1 0
 
2 0
 
3 0
 
4 0
 
5 0
 
6 0
 
7 0
 
8 0
 
9 0
 
10 0
 
11 0
 
12 0
 
13 0
 
14 0
 
15 0
 
16 0
 
17 0
 
18 0
 
19 0
 
20 0
 
21 0
 
22 0
 
23 15
 
24 21
 
25 0
 
26 0
 
27 0
 
28 0
 
29 0
 
30 0
 
31 0
 
32 12
 
33 36
 
34 45
 
35 25
 
36 0
 
37 0
 
38 0
 
39 0
 
40 0
 
41 0
 
42 0
 
43 0
 
44 0
 
45 0
 
46 0
 
47 0
 
48 0
 
49 0
 
1 0
 
2 0
 
3 0
 
4 0
 
5 0
 
6 25
 
7 12
 
8 5
 
9 0
 
10 2
 
11 0
 
12 0
 
13 0
 
14 0
 
15 0
 
16 0
 
17 3
 
18 11
 
19 0
 
20 0
 
21 0
 
22 0
 
23 0
 
24 0
 
25 0
 
26 0
 
27 0
 
28 0
 
29 0
 
30 0
 
31 0
 
32 0
 
33 0
 
34 0
 
35 0
 
36 0
 
37 0
 
38 0
 
39 0
 
40 0
 
41 0
 
42 0
 
43 0
 
44 0
 
45 0
 
46 0
 
47 0
 
48 0
 
49 0
 
1 0
 
2 0
 
3 0
 
4 0
 
5 0
 
6 0
 
7 0
 
8 0
 
9 0
 
10 0
 
11 0
 
12 0
 
13 0
 
14 0
 
15 0
 
16 0
 
17 0
 
18 0
 
19 0
 
20 0
 
21 0
 
22 0
 
23 0
 
24 0
 
25 0
 
26 0
 
27 0
 
28 0
 
29 0
 
30 0
 
31 0
 
32 0
 
33 0
 
34 0
 
35 0
 
36 0
 
37 0
 
38 0
 
39 0
 
40 0
 
41 0
 
42 0
 
43 0
 
44 0
 
45 0
 
46 0
 
47 0
 
48 0
 
49 0
 
1 0
 
2 0
 
3 0
 
4 0
 
5 0
 
6 0
 
7 0
 
8 0
 
9 0
 
10 0
 
11 0
 
12 0
 
13 0
 
14 0
 
15 0
 
16 0
 
17 0
 
18 0
 
19 0
 
20 0
 
21 0
 
22 0
 
23 0
 
24 0
 
25 0
 
26 0
 
27 0
 
28 0
 
29 0
 
30 0
 
31 0
 
32 0
 
33 0
 
34 0
 
35 0
 
36 0
 
37 0
 
38 0
 
39 0
 
40 0
 
41 0
 
42 0
 
43 0
 
44 0
 
45 0
 
46 0
 
47 0
 
48 0
 
49 0
 
